0 54.683
1 29.846
2 29.789
3 29.824
4 30.616
5 30.097
6 29.193
7 29.469
8 29.228
9 29.131
10 29.336
11 29.274
12 28.603
13 29.684
14 29.278
15 29.056
16 29.143
17 29.141
18 29.050
19 29.104
20 30.138
21 29.793
22 30.068
23 30.987
24 29.550
25 30.156
26 29.724
27 29.411
28 30.362
29 30.229
30 29.797
31 29.513
32 30.134
33 30.118
34 29.772
35 30.452
36 29.989
37 30.712
38 30.514
39 29.677
40 29.759
41 30.418
42 30.076
43 29.999
44 29.492
45 30.013
46 29.900
47 29.941
48 30.076
49 30.240
50 29.980
51 29.251
52 28.912
53 29.847
54 29.590
55 29.284
56 28.859
57 29.730
58 29.070
59 28.518
60 29.143
61 29.044
62 28.553
63 29.195
64 29.958
65 28.684
66 29.158
67 30.540
68 29.757
69 29.581
70 29.630
71 29.740
72 29.600
73 30.038
74 29.603
75 29.837
76 52.765
77 33.161
78 29.740
79 29.602
80 29.759
81 29.545
82 29.634
83 29.799
84 29.708
85 29.478
86 29.717
87 29.560
88 29.442
89 29.130
90 29.353
91 29.110
92 29.558
93 29.143
94 28.950
95 29.055
96 29.174
97 29.541
98 29.368
99 29.189
100 29.090
101 29.077
102 29.604
103 29.086
104 29.201
105 29.016
106 29.377
107 29.049
108 29.460
109 29.238
110 29.626
111 29.494
112 29.287
113 29.279
114 29.310
115 28.533
116 28.475
117 28.488
118 28.500
119 28.311
120 28.522
121 28.451
122 28.867
123 28.488
124 29.231
125 29.036
126 29.172
127 29.135
128 29.170
129 29.016
130 29.474
131 29.277
132 29.066
133 29.175
134 28.974
135 29.206
136 29.353
137 29.153
138 29.314
139 29.436
140 29.719
141 29.237
142 29.081
143 29.543
144 29.740
145 29.532
146 29.688
147 29.545
148 31.022
149 29.611
150 29.806
151 29.967
152 32.424
153 29.766
154 29.753
155 29.766
156 31.269
157 29.737
158 29.682
159 29.898
160 29.666
161 29.631
162 29.719
163 29.525
164 29.145
165 29.270
166 29.716
167 29.251
168 29.285
169 28.997
170 29.299
171 29.706
172 29.236
173 29.273
174 29.216
175 29.170
176 29.233
177 29.274
178 29.158
179 29.423
180 29.178
181 29.266
182 29.187
183 29.325
184 29.679
185 29.565
186 29.742
187 29.744
188 29.859
189 29.703
190 29.625
191 29.777
192 29.572
193 29.723
194 29.572
195 35.886
196 29.852
197 29.654
198 29.960
199 29.285
200 29.149
201 29.899
202 29.192
203 29.275
204 30.671
205 30.464
206 30.354
207 31.070
208 30.746
209 30.425
210 30.382
211 30.419
212 31.043
213 30.176
214 30.421
215 30.360
216 30.419
217 30.222
218 30.444
219 30.167
220 30.466
221 30.427
222 30.387
223 30.556
224 29.332
225 30.434
226 29.414
227 54.555
228 34.619
229 30.481
230 30.442
231 31.948
232 30.601
233 30.470
234 29.775
235 29.452
236 29.323
237 29.164
238 29.144
239 29.678
240 29.612
241 29.812
242 30.288
243 29.704
244 29.933
245 29.775
246 30.139
247 29.708
248 29.887
249 29.716
250 30.197
251 29.831
252 30.566
253 30.597
254 30.665
255 30.481
256 30.418
257 30.438
258 30.436
259 30.473
260 30.915
261 30.423
262 30.494
263 30.453
264 30.648
265 30.429
266 30.474
267 30.438
268 32.796
269 30.595
270 29.774
271 29.728
272 29.975
273 29.782
274 30.461
275 30.374
276 29.708
277 29.223
278 29.296
279 29.539
280 28.784
281 29.351
282 28.766
283 29.330
284 29.138
285 29.281
286 29.144
287 28.754
288 29.716
289 28.737
290 29.646
291 29.656
292 29.603
293 30.364
294 29.759
295 29.716
296 29.878
297 29.702
298 29.853
299 29.703
300 29.815
301 30.752
302 29.207
303 46.753
304 47.939
305 29.690
306 29.939
307 29.841
308 30.183
309 30.341
310 30.372
311 30.502
312 30.611
313 30.426
314 30.528
315 30.504
316 30.477
317 30.385
318 30.417
319 30.143
320 30.183
321 30.530
322 30.390
323 30.734
324 30.500
325 30.427
326 30.557
327 30.470
328 30.372
329 30.319
330 30.509
331 30.607
332 30.358
333 30.379
334 30.445
335 30.335
336 31.446
337 30.674
338 30.144
339 30.411
340 30.349
341 30.675
342 30.365
343 29.897
344 29.187
345 30.183
346 30.251
347 30.669
348 30.664
349 77.123
350 30.051
351 29.435
352 29.849
353 29.802
354 29.908
355 32.714
356 49.463
357 43.618
358 30.689
359 29.794
360 29.998
361 30.701
362 55.209
363 44.960
364 29.992
365 30.116
366 30.465
367 30.227
368 29.270
369 80.098
370 28.722
371 29.520
372 29.133
373 29.248
374 83.705
375 30.123
376 29.919
377 29.194
378 29.309
379 44.858
380 159.890
381 1396.443
382 29.185
383 29.163
384 29.236
385 29.346
386 29.106
387 29.354
388 29.429
389 29.778
390 29.608
391 29.938
392 29.169
393 28.515
394 28.535
395 28.705
396 28.547
397 28.663
398 28.530
399 28.508
400 28.503
401 28.461
402 28.434
403 28.473
404 28.604
405 28.476
406 28.562
407 28.485
408 28.458
409 28.502
410 29.421
411 28.448
412 28.502
413 28.444
414 28.666
415 28.446
416 28.463
417 28.633
418 28.470
419 28.890
420 28.457
421 28.448
422 28.503
423 28.570
424 28.521
425 29.115
426 28.467
427 28.490
428 28.862
429 28.491
430 28.635
431 28.557
432 28.545
433 28.592
434 28.527
435 28.592
436 28.567
437 28.641
438 46.057
439 33.925
440 28.545
441 28.597
442 28.513
443 28.482
444 28.483
445 28.459
446 28.493
447 28.487
448 28.540
449 28.546
450 28.593
451 28.598
452 28.686
453 28.756
454 28.604
455 28.768
456 28.858
457 28.521
458 108.509
459 137.089
460 142.972
461 136.953
462 137.367
463 142.732
464 138.320
465 55.696
466 51.767
467 137.921
468 61.054
469 61.605
470 51.117
471 64.066
472 60.817
473 53.319
474 68.257
475 228.199
476 178.319
477 181.143
478 181.550
479 179.715
480 372.554
481 373.877
482 370.784
483 3348.211
484 55.029
485 43.972
486 30.112
487 29.719
488 29.832
489 29.782
490 29.621
491 29.750
492 29.810
493 30.046
494 29.649
495 29.832
496 29.666
497 30.250
498 29.706
499 29.834
500 30.069
501 29.733
502 30.219
503 29.754
504 29.873
505 29.934
506 29.883
507 29.637
508 29.954
509 29.933
510 29.815
511 30.003
512 29.764
513 29.734
514 29.942
515 29.894
516 29.607
517 29.276
518 29.902
519 29.628
520 29.569
521 29.160
522 29.265
523 29.225
524 29.332
525 29.189
526 29.188
527 29.115
528 29.627
529 29.267
530 28.721
531 30.322
532 28.820
533 29.356
534 29.162
535 29.367
536 29.250
537 29.224
538 29.909
539 29.468
540 29.185
541 29.498
542 29.734
543 29.970
544 29.849
545 29.874
546 29.888
547 30.034
548 29.889
549 29.706
550 29.760
551 29.632
552 29.882
553 29.095
554 29.728
555 30.024
556 30.993
557 29.894
558 29.790
559 29.888
560 29.724
561 30.122
562 29.865
563 29.813
564 30.725
565 29.973
566 29.918
567 28.777
568 30.498
569 30.369
570 29.725
571 29.898
572 29.746
573 29.727
574 29.644
575 29.759
576 29.609
577 29.743
578 29.744
579 29.648
580 29.755
581 29.051
582 30.652
583 30.201
584 30.392
585 30.158
586 30.397
587 30.428
588 30.414
589 30.505
590 30.656
591 31.258
592 30.486
593 30.457
594 30.338
595 30.808
596 30.906
597 30.526
598 29.871
599 31.282
600 30.335
601 30.339
602 30.416
603 30.427
604 30.383
605 30.265
606 30.399
607 30.416
608 29.722
609 30.436
610 30.430
611 30.454
612 30.399
613 30.416
614 30.120
615 30.941
616 30.449
617 30.421
618 30.366
619 30.476
620 31.345
621 30.410
622 29.743
623 29.835
624 29.079
625 29.434
626 29.229
627 29.343
628 29.515
629 29.460
630 29.368
631 29.746
632 28.562
633 29.919
634 29.850
635 29.856
636 30.091
637 29.781
638 30.097
639 52.345
640 29.961
641 29.694
642 31.741
643 30.236
644 29.729
645 29.852
646 29.852
647 30.063
648 29.749
649 30.022
650 29.765
651 29.858
652 30.155
653 29.746
654 29.849
655 29.872
656 29.828
657 29.898
658 30.019
659 29.707
660 29.888
661 30.933
662 30.613
663 30.579
664 29.655
665 29.315
666 29.900
667 29.984
668 29.825
669 29.966
670 30.138
671 29.754
672 29.985
673 29.725
674 29.849
675 30.001
676 29.829
677 29.873
678 29.978
679 30.108
680 29.704
681 29.811
682 29.923
683 29.836
684 29.886
685 29.909
686 29.857
687 29.933
688 30.480
689 30.199
690 29.145
691 30.707
692 30.463
693 30.359
694 30.910
695 31.185
696 30.614
697 30.471
698 30.691
699 83.870
700 30.841
701 29.946
702 30.687
703 30.521
704 44.121
705 363.252
706 1121.779
707 377.891
708 54.326
709 47.275
710 29.836
711 29.888
712 29.740
713 29.661
714 29.760
715 30.189
716 29.851
717 29.860
718 29.856
719 29.918
720 29.803
721 29.935
722 29.874
723 29.776
724 29.931
725 30.513
726 29.870
727 29.820
728 30.479
729 30.339
730 30.514
731 30.463
732 30.241
733 30.502
734 30.378
735 30.620
736 30.493
737 30.439
738 30.462
739 29.805
740 30.347
741 30.493
742 30.466
743 29.736
744 29.114
745 29.385
746 29.086
747 29.417
748 29.169
749 29.329
750 29.059
751 29.391
752 29.385
753 29.341
754 29.135
755 28.848
756 28.739
757 28.772
758 28.742
759 28.448
760 28.930
761 28.772
762 28.620
763 28.476
764 28.638
765 28.763
766 28.489
767 28.844
768 28.438
769 28.570
770 28.743
771 28.509
772 28.780
773 28.517
774 28.903
775 28.825
776 28.831
777 28.486
778 29.242
779 29.264
780 29.241
781 28.957
782 28.786
783 28.836
784 29.064
785 28.918
786 28.853
787 28.503
788 33.282
789 51.773
790 28.617
791 28.474
792 28.524
793 28.472
794 28.445
795 28.925
796 28.909
797 28.546
798 28.468
799 28.660
800 28.510
801 28.758
802 28.764
803 29.091
804 28.878
805 28.489
806 28.508
807 28.959
808 28.477
809 29.042
810 28.550
811 28.500
812 28.501
813 28.546
814 29.803
815 28.543
816 28.611
817 28.469
818 28.539
819 436.996
820 599.226
821 769.694
822 203.517
823 180.202
824 485.934
825 1876.377
826 58.179
827 44.042
828 29.150
829 29.235
830 29.398
831 29.359
832 29.105
833 29.203
834 29.032
835 29.100
836 29.302
837 28.983
838 29.185
839 29.052
840 29.166
841 29.102
842 29.070
843 29.224
844 29.203
845 29.240
846 29.096
847 29.166
848 29.239
849 29.254
850 29.097
851 29.823
852 29.018
853 29.028
854 29.221
855 29.035
856 29.177
857 29.094
858 29.229
859 29.126
860 28.676
861 28.555
862 28.528
863 28.573
864 29.297
865 30.010
866 29.152
867 29.169
868 29.085
869 29.388
870 29.206
871 29.192
872 29.065
873 29.243
874 29.302
875 29.361
876 29.104
877 29.058
878 29.171
879 29.251
880 30.671
881 29.672
882 29.064
883 29.031
884 29.298
885 29.059
886 28.535
887 28.920
888 28.942
889 28.584
890 28.530
891 28.487
892 28.522
893 28.550
894 28.801
895 29.380
896 29.209
897 28.618
898 28.518
899 28.512
900 28.488
901 28.535
902 28.493
903 28.630
904 28.551
905 28.479
906 46.040
907 30.186
908 28.634
909 28.485
910 29.460
911 28.579
912 28.738
913 28.491
914 28.608
915 28.563
916 28.678
917 28.624
918 28.573
919 28.737
920 28.489
921 28.490
922 28.471
923 28.647
924 28.572
925 29.424
926 29.245
927 29.124
928 29.280
929 29.561
930 29.230
931 29.344
932 29.194
933 29.045
934 29.690
935 28.732
936 29.924
937 29.655
938 29.866
939 28.882
940 29.202
941 29.797
942 29.727
943 29.756
944 29.839
945 29.594
946 29.802
947 29.821
948 29.620
949 29.743
950 29.778
951 29.914
952 29.629
953 29.788
954 30.326
955 30.052
956 29.655
957 29.707
958 29.908
959 29.599
960 30.041
961 29.721
962 29.902
963 30.037
964 29.875
965 29.808
966 29.773
967 30.001
968 29.442
969 30.169
970 29.780
971 29.868
972 29.735
973 29.763
974 29.837
975 29.717
976 30.069
977 29.600
978 29.731
979 29.747
980 30.109
981 30.468
982 53.626
983 38.873
984 30.518
985 30.820
986 30.442
987 30.542
988 30.505
989 30.640
990 30.467
991 30.580
992 30.438
993 30.418
994 30.533
995 30.553
996 30.436
997 30.642
998 30.685
999 29.632
1000 29.670
1001 29.750
1002 28.660
1003 29.137
1004 29.345
1005 29.141
1006 29.257
1007 29.459
1008 29.249
1009 29.138
1010 29.539
1011 29.513
1012 29.247
1013 29.181
1014 29.293
1015 29.172
1016 29.580
1017 28.729
1018 29.685
1019 29.045
1020 29.337
1021 29.210
1022 29.575
1023 29.045
1024 31.146
1025 29.068
1026 29.580
1027 28.864
1028 29.299
1029 29.883
1030 30.242
1031 29.038
1032 29.494
1033 29.768
1034 29.339
1035 29.015
1036 29.788
1037 29.408
1038 29.863
1039 29.847
1040 29.851
1041 29.875
1042 29.795
1043 29.849
1044 29.638
1045 29.635
1046 29.473
1047 28.523
1048 29.959
1049 63.889
1050 42.161
1051 29.793
1052 29.861
1053 29.691
1054 1043.922
1055 794.646
1056 1911.293
1057 28.960
1058 28.554
1059 28.623
1060 28.511
1061 28.941
1062 28.505
1063 29.832
1064 29.608
1065 29.884
1066 29.300
1067 29.391
1068 29.379
1069 29.397
1070 29.249
1071 29.853
1072 30.143
1073 29.691
1074 29.867
1075 30.097
1076 30.195
1077 30.227
1078 29.957
1079 29.831
1080 29.948
1081 29.792
1082 29.858
1083 230.989
1084 368.046
1085 2186.298
1086 360.580
1087 183.380
1088 4222.097
1089 29.868
1090 29.680
1091 29.720
1092 28.678
1093 29.960
1094 29.849
1095 79.081
1096 30.404
1097 29.781
1098 29.878
1099 29.886
1100 29.790
1101 30.191
1102 29.828
1103 29.786
1104 29.702
1105 29.848
1106 30.155
1107 29.149
1108 31.176
1109 29.424
1110 29.121
1111 29.324
1112 29.147
1113 29.231
1114 29.195
1115 29.587
1116 29.275
1117 29.841
1118 28.715
1119 29.804
1120 29.136
1121 29.769
1122 29.801
1123 29.968
1124 30.286
1125 29.865
1126 29.709
1127 29.740
1128 29.884
1129 29.784
1130 30.186
1131 29.852
1132 30.412
1133 29.837
1134 29.858
1135 29.969
1136 29.911
1137 30.066
1138 30.307
1139 29.857
1140 29.709
1141 31.863
1142 29.749
1143 30.054
1144 29.499
1145 28.723
1146 28.619
1147 28.557
1148 28.879
1149 28.998
1150 28.581
1151 28.621
1152 28.569
1153 28.452
1154 28.574
1155 29.051
1156 28.770
1157 28.551
1158 28.519
1159 28.563
1160 28.691
1161 28.564
1162 28.610
1163 28.597
1164 28.540
1165 28.556
1166 28.726
1167 28.558
1168 28.480
1169 28.501
1170 28.546
1171 28.565
1172 28.519
1173 50.689
1174 36.772
1175 29.308
1176 29.358
1177 29.190
1178 29.326
1179 29.689
1180 29.817
1181 28.803
1182 29.365
1183 28.663
1184 30.119
1185 28.786
1186 29.770
1187 29.310
1188 28.769
1189 29.186
1190 29.695
1191 29.440
1192 29.138
1193 29.251
1194 29.185
1195 29.289
1196 29.176
1197 29.386
1198 29.892
1199 29.844
1200 29.666
1201 29.691
1202 29.876
1203 29.742
1204 29.632
1205 29.729
1206 29.668
1207 29.623
1208 35.296
1209 29.831
1210 29.783
1211 29.696
1212 29.866
1213 29.685
1214 29.940
1215 30.187
1216 30.993
1217 29.901
1218 29.945
1219 29.974
1220 30.122
1221 29.761
1222 29.740
1223 29.746
1224 29.646
1225 29.607
1226 29.700
1227 29.703
1228 29.683
1229 29.783
1230 29.724
1231 30.009
1232 29.818
1233 29.203
1234 29.155
1235 29.215
1236 29.189
1237 29.799
1238 29.706
1239 30.024
1240 29.241
1241 29.158
1242 29.216
1243 29.089
1244 29.222
1245 29.257
1246 29.210
1247 29.126
1248 29.307
1249 41.857
1250 46.408
1251 29.300
1252 29.764
1253 30.094
1254 30.224
1255 30.336
1256 30.348
1257 30.462
1258 30.514
1259 31.315
1260 30.069
1261 29.691
1262 29.891
1263 29.713
1264 29.792
1265 29.777
1266 29.793
1267 29.879
1268 30.550
1269 29.131
1270 29.096
1271 29.316
1272 29.232
1273 29.334
1274 29.194
1275 29.219
1276 29.292
1277 29.572
1278 29.106
1279 29.193
1280 29.497
1281 29.097
1282 29.389
1283 30.631
1284 29.257
1285 29.113
1286 29.322
1287 29.324
1288 29.435
1289 29.217
1290 29.125
1291 30.049
1292 29.236
1293 29.727
1294 29.742
1295 29.151
1296 29.076
1297 29.594
1298 30.023
1299 29.306
1300 29.757
1301 29.561
1302 28.980
1303 29.339
1304 29.487
1305 29.258
1306 29.519
1307 29.517
1308 29.151
1309 29.309
1310 29.131
1311 29.117
1312 29.311
1313 29.270
1314 29.612
1315 29.173
1316 28.623
1317 29.315
1318 30.009
1319 30.154
1320 29.611
1321 30.195
1322 30.581
1323 29.422
1324 30.480
1325 29.554
1326 57.298
1327 29.206
1328 29.148
1329 29.252
1330 29.126
1331 29.113
1332 29.355
1333 29.126
1334 29.134
1335 31.010
1336 28.664
1337 29.861
1338 29.011
1339 29.894
1340 28.714
1341 29.628
1342 29.655
1343 29.149
1344 29.280
1345 29.230
1346 29.447
1347 30.173
1348 28.648
1349 29.755
1350 29.074
1351 29.668
1352 29.703
1353 29.997
1354 29.883
1355 30.461
1356 30.488
1357 30.443
1358 88.944
1359 42.333
1360 30.177
1361 30.758
1362 31.407
1363 29.981
1364 29.866
1365 29.972
1366 29.952
1367 29.721
1368 29.861
1369 30.029
1370 31.870
1371 29.924
1372 29.850
1373 29.838
1374 29.749
1375 30.001
1376 29.801
1377 29.985
1378 29.993
1379 29.602
1380 29.717
1381 29.613
1382 29.067
1383 34.359
1384 29.445
1385 29.368
1386 29.160
1387 29.293
1388 29.733
1389 29.845
1390 29.990
1391 29.925
1392 29.703
1393 29.869
1394 29.975
1395 29.181
1396 30.128
1397 29.744
1398 30.218
1399 29.749
1400 29.836
1401 29.633
1402 57.794
1403 30.461
1404 29.638
1405 29.906
1406 508.054
1407 30.055
1408 29.685
1409 29.381
1410 28.822
1411 28.753
1412 29.190
1413 29.236
1414 29.046
1415 29.051
1416 29.349
1417 28.535
1418 28.695
1419 28.514
1420 28.644
1421 28.626
1422 28.508
1423 28.516
1424 28.483
1425 28.537
1426 28.450
1427 29.319
1428 29.586
1429 48.576
1430 64.208
1431 30.098
1432 28.796
1433 29.307
1434 29.332
1435 456.684
1436 28.810
1437 349.787
1438 521.921
1439 28.670
1440 560.381
1441 539.131
1442 619.104
1443 297.101
1444 5911.423
1445 419.505
1446 29.568
1447 29.219
1448 29.141
1449 29.334
1450 30.007
1451 28.859
1452 29.188
1453 30.008
1454 29.384
1455 30.119
1456 29.563
1457 29.722
1458 29.518
1459 30.087
1460 29.640
1461 29.772
1462 29.614
1463 29.876
1464 29.674
1465 29.683
1466 29.818
1467 29.482
1468 29.494
1469 29.650
1470 29.779
1471 29.622
1472 29.776
1473 29.675
1474 29.657
1475 29.354
1476 29.600
1477 29.297
1478 29.296
1479 29.358
1480 29.284
1481 29.648
1482 29.234
1483 29.281
1484 29.697
1485 29.922
1486 29.871
1487 29.831
1488 30.127
1489 29.874
1490 29.886
1491 29.814
1492 29.734
1493 29.931
1494 29.850
1495 29.874
1496 29.966
1497 31.385
1498 29.811
1499 29.230
1500 28.808
1501 28.790
1502 29.949
1503 29.351
1504 29.281
1505 30.262
1506 29.311
1507 29.975
1508 29.722
1509 29.778
1510 29.684
1511 29.657
1512 29.808
1513 29.699
1514 30.104
1515 29.602
1516 29.796
1517 29.638
1518 30.166
1519 57.739
1520 40.276
1521 29.765
1522 29.721
1523 29.816
1524 31.138
1525 30.161
1526 30.802
1527 29.675
1528 28.722
1529 29.620
1530 28.674
1531 30.148
1532 29.204
1533 28.460
1534 29.665
1535 29.238
1536 29.267
1537 29.112
1538 29.269
1539 29.292
1540 29.198
1541 29.206
1542 29.174
1543 29.417
1544 29.165
1545 29.336
1546 29.186
1547 29.239
1548 29.254
1549 29.180
1550 29.134
1551 29.339
1552 29.160
1553 29.284
1554 29.157
1555 29.292
1556 29.160
1557 29.127
1558 29.345
1559 29.107
1560 29.362
1561 29.137
1562 29.276
1563 29.131
1564 29.660
1565 28.771
1566 28.544
1567 29.318
1568 29.166
1569 29.645
1570 28.660
1571 29.682
1572 28.929
1573 29.660
1574 29.775
1575 29.814
1576 29.727
1577 29.745
1578 30.464
1579 29.452
1580 28.722
1581 29.117
1582 29.014
1583 29.132
1584 28.552
1585 28.506
1586 29.261
1587 30.054
1588 29.964
1589 29.863
1590 29.965
1591 29.898
1592 29.859
1593 29.817
1594 29.874
1595 41.938
1596 50.726
1597 29.510
1598 28.597
1599 28.470
1600 28.594
1601 29.458
1602 29.590
1603 29.543
1604 29.298
1605 29.106
1606 29.875
1607 29.724
1608 30.074
1609 29.802
1610 29.876
1611 29.697
1612 29.692
1613 29.714
1614 29.617
1615 30.042
1616 29.530
1617 29.285
1618 29.718
1619 34.221
1620 29.808
1621 29.772
1622 29.838
1623 29.859
1624 29.442
1625 30.086
1626 29.831
1627 30.045
1628 30.115
1629 30.554
1630 30.458
1631 30.607
1632 30.424
1633 31.107
1634 30.452
1635 29.915
1636 29.883
1637 29.838
1638 29.722
1639 30.028
1640 29.689
1641 32.223
1642 30.029
1643 30.111
1644 29.708
1645 30.727
1646 29.206
1647 29.579
1648 29.321
1649 29.233
1650 29.338
1651 29.305
1652 29.317
1653 29.276
1654 29.227
1655 29.438
1656 29.265
1657 29.343
1658 29.519
1659 29.294
1660 30.314
1661 29.375
1662 29.288
1663 29.193
1664 29.633
1665 28.573
1666 28.620
1667 28.934
1668 28.548
1669 28.493
1670 28.529
1671 28.412
1672 50.683
1673 28.710
1674 28.461
1675 28.397
1676 30.133
1677 29.797
1678 29.331
1679 29.466
1680 29.241
1681 29.197
1682 29.277
1683 29.134
1684 29.291
1685 29.164
1686 29.348
1687 29.158
1688 29.399
1689 29.222
1690 29.139
1691 29.327
1692 29.194
1693 28.942
1694 29.306
1695 30.105
1696 30.209
1697 29.917
1698 29.819
1699 29.649
1700 29.900
1701 29.811
1702 29.757
1703 30.004
1704 29.892
1705 29.922
1706 30.154
1707 29.911
1708 29.961
1709 30.233
1710 30.406
1711 30.278
1712 29.179
1713 29.358
1714 29.391
1715 29.277
1716 29.203
1717 29.396
1718 29.338
1719 29.368
1720 29.190
1721 29.792
1722 29.249
1723 29.341
1724 29.190
1725 29.185
1726 29.362
1727 29.393
1728 29.238
1729 29.323
1730 29.284
1731 29.393
1732 29.342
1733 29.307
1734 29.363
1735 306.356
1736 29.826
1737 29.709
1738 29.786
1739 29.606
1740 29.801
1741 29.694
1742 29.658
1743 33.714
1744 29.889
1745 30.153
1746 29.951
1747 29.966
1748 57.804
1749 32.519
1750 30.815
1751 30.459
1752 34.651
1753 30.721
1754 30.510
1755 30.525
1756 30.600
1757 30.391
1758 29.714
1759 31.012
1760 29.888
1761 29.905
1762 30.069
1763 30.035
1764 29.919
1765 30.470
1766 29.450
1767 76.484
1768 119.297
1769 29.620
1770 29.157
1771 29.480
1772 29.201
1773 29.484
1774 29.576
1775 28.845
1776 40.300
1777 29.333
1778 29.420
1779 29.285
1780 29.395
1781 30.033
1782 49.649
1783 44.466
1784 29.198
1785 29.344
1786 29.272
1787 29.509
1788 45.567
1789 38.311
1790 30.053
1791 29.339
1792 29.484
1793 29.407
1794 42.862
1795 258.872
1796 2070.463
1797 56.419
1798 355.332
1799 28.891
1800 29.590
1801 29.471
0 30.007
1 28.684
2 29.077
3 28.778
4 28.841
5 29.005
6 29.014
7 29.140
8 29.075
9 28.972
10 29.097
11 29.082
12 28.956
13 28.988
14 29.212
15 29.077
16 29.284
17 29.316
18 29.030
19 29.072
20 29.185
21 29.019
22 29.034
23 29.343
24 29.031
25 28.992
26 29.140
27 29.190
28 29.028
29 29.139
30 29.026
31 30.003
32 29.152
33 29.408
34 29.545
35 29.366
36 29.187
37 29.675
38 29.077
39 31.259
40 29.193
41 29.267
42 29.184
43 29.146
44 29.172
45 29.106
46 29.329
47 29.105
48 29.515
49 29.006
50 29.075
51 29.057
52 29.416
53 29.339
54 29.328
55 29.548
56 51.020
57 46.386
58 29.461
59 29.184
60 29.346
61 29.751
62 29.488
63 29.353
64 29.187
65 29.109
66 29.178
67 29.130
68 29.650
69 29.173
70 29.142
71 29.209
72 29.320
73 29.129
74 29.152
75 29.150
76 29.185
77 29.406
78 29.636
79 29.323
80 29.199
81 29.258
82 29.121
83 29.102
84 29.094
85 29.080
86 29.278
87 29.119
88 29.154
89 29.220
90 29.164
91 29.081
92 29.098
93 29.285
94 29.485
95 29.204
96 29.191
97 29.174
98 29.255
99 29.276
100 29.169
101 29.051
102 29.063
103 29.255
104 29.592
105 29.318
106 29.338
107 29.018
108 29.302
109 29.271
110 29.051
111 29.708
112 29.533
113 29.374
114 29.120
115 29.051
116 29.045
117 29.027
118 29.297
119 29.493
120 29.301
121 29.081
122 29.130
123 29.081
124 29.185
125 29.553
126 29.371
127 29.535
128 29.144
129 29.087
130 29.136
131 29.129
132 29.481
133 44.499
134 29.337
135 29.738
136 29.924
137 29.660
138 29.867
139 29.710
140 29.555
141 29.529
142 29.591
143 29.582
144 29.726
145 29.536
146 30.488
147 29.635
148 29.602
149 29.770
150 29.727
151 29.785
152 30.014
153 29.166
154 29.454
155 29.434
156 29.458
157 29.149
158 29.051
159 29.263
160 29.091
161 29.049
162 29.207
163 29.047
164 29.140
165 29.122
166 29.272
167 29.393
168 29.213
169 29.573
170 29.078
171 29.141
172 29.079
173 29.300
174 29.137
175 29.422
176 29.437
177 29.567
178 29.492
179 29.166
180 29.193
181 29.457
182 29.230
183 29.082
184 29.050
185 28.954
186 29.650
187 29.311
188 29.103
189 29.053
190 29.056
191 29.373
192 29.194
193 29.217
194 29.108
195 29.335
196 29.201
197 29.149
198 29.057
199 29.289
200 29.380
201 29.503
202 29.694
203 29.095
204 29.252
205 29.424
206 29.209
207 29.259
208 29.127
209 47.029
210 33.641
211 29.100
212 29.228
213 29.172
214 29.333
215 29.108
216 29.172
217 29.095
218 29.063
219 29.289
220 29.781
221 29.191
222 29.111
223 29.105
224 29.106
225 29.160
226 29.138
227 29.302
228 29.717
229 29.163
230 30.143
231 29.077
232 29.253
233 29.121
234 29.112
235 29.244
236 29.212
237 29.527
238 29.422
239 29.277
240 29.022
241 29.152
242 29.067
243 29.166
244 29.123
245 29.120
246 29.161
247 29.014
248 29.204
249 28.997
250 28.975
251 29.007
252 29.108
253 29.034
254 28.984
255 29.162
256 28.976
257 29.356
258 29.000
259 29.162
260 29.462
261 29.054
262 29.322
263 29.172
264 29.003
265 29.068
266 29.301
267 29.190
268 28.948
269 29.042
270 29.566
271 29.081
272 28.937
273 29.111
274 28.917
275 29.418
276 29.078
277 29.142
278 29.366
279 29.555
280 29.060
281 29.426
282 29.252
283 29.622
284 29.227
285 29.042
286 29.197
287 29.083
288 28.988
289 29.216
290 29.028
291 31.575
292 29.043
293 29.189
294 29.643
295 29.554
296 29.026
297 29.201
298 29.277
299 30.307
300 29.667
301 29.982
302 29.654
303 29.695
304 30.066
305 30.135
306 30.015
307 29.588
308 29.529
309 29.799
310 29.795
311 29.754
312 29.681
313 29.678
314 29.738
315 29.800
316 29.929
317 29.756
318 30.001
319 29.219
320 29.200
321 29.332
322 29.187
323 29.626
324 29.057
325 29.222
326 29.097
327 29.309
328 29.218
329 29.310
330 29.081
331 29.143
332 29.416
333 29.367
334 29.038
335 29.118
336 28.955
337 29.372
338 29.070
339 29.295
340 29.123
341 29.214
342 29.409
343 29.051
344 28.908
345 29.045
346 29.290
347 29.055
348 29.277
349 29.223
350 29.059
351 29.049
352 29.431
353 29.341
354 29.308
355 29.209
356 29.164
357 28.996
358 28.968
359 29.003
360 47.811
361 33.695
362 29.167
363 29.198
364 29.059
365 29.538
366 29.279
367 29.119
368 29.077
369 30.243
370 29.090
371 29.149
372 29.110
373 29.123
374 29.489
375 29.190
376 29.105
377 29.141
378 29.476
379 1242.312
380 30.025
381 29.666
382 29.911
383 29.817
384 29.704
385 29.994
386 29.793
387 345.406
388 29.904
389 29.961
390 29.955
391 29.863
392 29.863
393 29.632
394 29.796
395 29.528
396 29.777
397 29.795
398 29.948
399 29.676
400 29.765
401 29.843
402 29.801
403 29.747
404 29.671
405 29.961
406 29.804
407 29.727
408 29.975
409 29.852
410 30.402
411 29.702
412 29.778
413 29.724
414 31.128
415 29.838
416 29.900
417 29.750
418 29.807
419 29.923
420 53.007
421 40.474
422 30.065
423 29.789
424 29.109
425 29.247
426 29.087
427 29.678
428 29.024
429 29.351
430 29.227
431 29.033
432 29.027
433 29.512
434 28.998
435 29.102
436 29.020
437 29.167
438 29.378
439 29.061
440 29.078
441 29.139
442 29.275
443 28.966
444 29.090
445 29.084
446 29.170
447 29.379
448 29.198
449 29.191
450 29.212
451 29.687
452 29.261
453 29.105
454 29.188
455 29.183
456 29.200
457 29.201
458 29.525
459 29.284
460 29.129
461 29.364
462 29.596
463 29.273
464 29.360
465 29.475
466 29.195
467 29.379
468 29.082
469 29.385
470 29.203
471 29.495
472 29.593
473 29.605
474 28.992
475 29.300
476 29.017
477 29.691
478 29.987
479 29.230
480 29.274
481 29.299
482 29.382
483 29.408
484 29.267
485 30.363
486 29.213
487 29.154
488 29.234
489 29.657
490 29.083
491 29.213
492 29.269
493 29.060
494 29.512
495 29.540
496 33.922
497 43.136
498 29.054
499 29.030
500 29.092
501 29.042
502 29.091
503 28.976
504 29.270
505 29.017
506 29.260
507 29.607
508 29.580
509 29.478
510 29.237
511 29.262
512 29.533
513 29.929
514 29.173
515 29.616
516 29.472
517 29.583
518 29.065
519 29.085
520 29.571
521 29.051
522 29.050
523 29.007
524 29.072
525 29.415
526 29.172
527 28.997
528 29.075
529 29.384
530 29.261
531 29.039
532 29.259
533 29.524
534 29.174
535 29.016
536 29.480
537 28.993
538 29.428
539 28.989
540 29.082
541 29.108
542 29.233
543 28.996
544 29.081
545 29.164
546 29.427
547 29.036
548 29.173
549 29.099
550 29.370
551 29.349
552 29.250
553 29.181
554 29.212
555 29.153
556 29.398
557 29.106
558 29.169
559 29.087
560 29.504
561 29.090
562 29.253
563 29.510
564 29.336
565 29.080
566 29.229
567 29.093
568 29.131
569 29.692
570 29.426
571 29.212
572 29.479
573 29.151
574 29.251
575 29.272
576 29.228
577 29.362
578 29.410
579 29.027
580 29.689
581 29.672
582 29.446
583 29.515
584 29.792
585 29.101
586 29.260
587 29.349
588 29.477
589 29.124
590 29.223
591 29.695
592 29.139
593 29.195
594 29.199
595 29.041
596 29.028
597 29.035
598 29.265
599 28.950
600 29.846
601 28.949
602 29.452
603 29.055
604 29.046
605 29.086
606 29.084
607 29.037
608 29.487
609 29.014
610 29.128
611 29.181
612 29.604
613 29.034
614 29.508
615 29.210
616 29.275
617 29.023
618 30.214
619 29.355
620 29.418
621 29.124
622 29.482
623 29.170
624 29.465
625 29.161
626 29.427
627 29.306
628 29.316
629 29.091
630 29.437
631 29.270
632 29.461
633 29.130
634 29.673
635 29.112
636 29.756
637 29.003
638 29.191
639 29.015
640 29.129
641 29.075
642 29.078
643 29.636
644 29.199
645 29.106
646 29.087
647 35.001
648 51.473
649 29.221
650 29.069
651 29.128
652 29.399
653 29.118
654 29.376
655 29.388
656 29.607
657 29.247
658 29.237
659 28.954
660 29.142
661 29.581
662 29.193
663 29.667
664 29.173
665 29.201
666 29.191
667 30.245
668 29.438
669 29.156
670 29.414
671 29.069
672 29.136
673 29.007
674 29.306
675 29.197
676 29.106
677 29.086
678 29.266
679 29.759
680 29.361
681 29.194
682 29.243
683 29.099
684 29.692
685 29.015
686 29.049
687 29.145
688 29.101
689 28.948
690 29.154
691 28.994
692 29.183
693 29.045
694 29.183
695 29.031
696 29.039
697 29.339
698 29.076
699 29.203
700 29.084
701 29.287
702 29.828
703 29.042
704 29.129
705 29.326
706 29.989
707 29.463
708 29.328
709 29.064
710 29.202
711 29.154
712 29.223
713 29.044
714 29.376
715 29.208
716 29.144
717 29.184
718 29.446
719 29.054
720 29.423
721 29.051
722 29.073
723 29.263
724 29.463
725 29.135
726 29.196
727 29.198
728 29.202
729 29.172
730 29.226
731 28.984
732 29.081
733 29.406
734 29.182
735 29.042
736 29.104
737 29.021
738 29.702
739 30.846
740 29.197
741 29.282
742 305.268
743 29.273
744 29.201
745 29.171
746 29.219
747 29.225
748 29.252
749 29.066
750 28.923
751 29.316
752 29.561
753 28.948
754 30.523
755 29.038
756 29.203
757 29.496
758 29.161
759 29.048
760 29.543
761 29.292
762 29.429
763 29.242
764 29.816
765 29.153
766 29.258
767 29.034
768 29.170
769 29.117
770 29.350
771 29.105
772 29.465
773 29.191
774 29.340
775 29.149
776 29.312
777 29.131
778 29.235
779 29.238
780 29.488
781 29.654
782 29.243
783 28.984
784 29.584
785 29.010
786 29.077
787 29.091
788 29.320
789 29.060
790 30.309
791 29.071
792 29.403
793 29.525
794 29.683
795 29.274
796 29.528
797 30.635
798 30.942
799 43.320
800 29.177
801 29.233
802 29.833
803 29.068
804 29.158
805 29.263
806 29.424
807 29.230
808 29.366
809 29.086
810 29.211
811 29.942
812 30.817
813 29.027
814 29.354
815 29.231
816 29.213
817 2477.820
818 29.859
819 29.160
820 29.322
821 29.191
822 29.305
823 29.443
824 29.202
825 29.262
826 29.673
827 29.581
828 29.287
829 29.460
830 29.454
831 29.116
832 29.276
833 29.035
834 29.620
835 29.120
836 29.562
837 29.092
838 29.689
839 29.172
840 29.607
841 29.303
842 57.430
843 29.241
844 29.144
845 29.393
846 29.156
847 29.342
848 29.060
849 29.157
850 29.220
851 29.420
852 29.497
853 29.250
854 29.158
855 29.371
856 29.163
857 29.296
858 29.187
859 29.265
860 29.443
861 29.192
862 29.249
863 29.257
864 29.028
865 29.342
866 29.160
867 29.154
868 29.525
869 29.212
870 29.469
871 29.134
872 30.512
873 29.243
874 29.266
875 29.362
876 29.281
877 29.150
878 29.239
879 29.684
880 29.146
881 29.230
882 29.172
883 29.278
884 29.330
885 29.209
886 29.103
887 29.565
888 29.085
889 29.136
890 29.473
891 29.374
892 29.765
893 30.272
894 29.140
895 29.527
896 29.270
897 29.198
898 29.472
899 29.282
900 29.232
901 29.274
902 29.797
903 29.166
904 29.663
905 29.331
906 29.183
907 29.193
908 29.260
909 29.020
910 29.236
911 29.397
912 29.179
913 29.378
914 29.186
915 29.050
916 29.770
917 29.827
918 53.772
919 39.065
920 29.801
921 29.696
922 29.799
923 29.634
924 29.763
925 29.919
926 29.889
927 29.741
928 29.679
929 29.879
930 29.917
931 29.872
932 29.772
933 29.719
934 29.977
935 151.963
936 29.950
937 29.879
938 29.882
939 29.816
940 29.904
941 29.916
942 29.896
943 29.848
944 29.080
945 29.202
946 29.070
947 29.152
948 29.175
949 29.136
950 29.301
951 29.217
952 29.294
953 29.540
954 29.408
955 29.235
956 29.000
957 29.325
958 29.018
959 29.438
960 29.099
961 29.516
962 29.019
963 29.150
964 29.304
965 29.153
966 29.286
967 29.149
968 29.039
969 29.212
970 29.064
971 33.776
972 29.792
973 30.060
974 29.784
975 29.858
976 29.943
977 29.736
978 29.677
979 29.867
980 30.027
981 29.988
982 29.682
983 29.821
984 29.829
985 29.789
986 29.662
987 29.830
988 29.576
989 29.963
990 29.531
991 29.737
992 29.717
993 29.753
994 39.630
995 46.072
996 29.809
997 29.714
998 29.786
999 30.110
1000 29.699
1001 29.765
1002 29.683
1003 29.997
1004 29.284
1005 29.179
1006 29.140
1007 29.369
1008 29.325
1009 29.825
1010 29.668
1011 29.669
1012 29.650
1013 29.800
1014 29.549
1015 29.851
1016 29.572
1017 29.633
1018 29.785
1019 29.830
1020 29.602
1021 29.673
1022 29.899
1023 29.570
1024 29.758
1025 29.629
1026 29.702
1027 29.837
1028 29.492
1029 29.953
1030 29.132
1031 29.105
1032 29.405
1033 29.442
1034 29.276
1035 29.147
1036 28.938
1037 29.387
1038 29.369
1039 29.184
1040 29.676
1041 29.940
1042 29.655
1043 29.679
1044 29.772
1045 30.555
1046 29.631
1047 30.033
1048 29.681
1049 29.734
1050 29.623
1051 29.772
1052 29.580
1053 29.851
1054 29.521
1055 29.727
1056 29.783
1057 29.727
1058 29.818
1059 29.720
1060 29.551
1061 29.614
1062 29.867
1063 30.027
1064 30.786
1065 29.656
1066 29.751
1067 29.684
1068 29.616
1069 29.779
1070 29.825
1071 44.262
1072 29.600
1073 29.948
1074 29.107
1075 29.332
1076 29.197
1077 29.230
1078 29.152
1079 29.667
1080 29.277
1081 29.138
1082 29.118
1083 29.471
1084 29.350
1085 29.362
1086 29.282
1087 29.905
1088 29.199
1089 29.306
1090 29.084
1091 29.271
1092 29.347
1093 29.178
1094 29.276
1095 29.308
1096 29.100
1097 29.228
1098 29.143
1099 29.277
1100 29.224
1101 29.205
1102 29.132
1103 29.153
1104 29.069
1105 29.151
1106 29.093
1107 29.153
1108 28.943
1109 29.691
1110 29.277
1111 29.644
1112 29.166
1113 29.516
1114 29.430
1115 29.213
1116 29.207
1117 29.238
1118 29.332
1119 29.283
1120 29.478
1121 29.234
1122 29.263
1123 29.649
1124 29.085
1125 29.430
1126 29.259
1127 29.795
1128 30.022
1129 29.831
1130 29.550
1131 29.648
1132 29.811
1133 29.731
1134 29.550
1135 29.902
1136 29.595
1137 29.770
1138 29.809
1139 29.668
1140 29.552
1141 29.771
1142 29.771
1143 29.718
1144 29.150
1145 29.099
1146 29.239
1147 46.985
1148 34.974
1149 29.200
1150 29.042
1151 29.771
1152 29.112
1153 29.714
1154 29.143
1155 29.266
1156 29.021
1157 29.320
1158 29.261
1159 29.218
1160 29.118
1161 29.230
1162 29.251
1163 29.224
1164 29.208
1165 29.396
1166 29.096
1167 29.090
1168 29.004
1169 29.166
1170 28.990
1171 29.367
1172 29.384
1173 29.485
1174 29.125
1175 29.355
1176 29.208
1177 29.406
1178 29.034
1179 29.543
1180 29.028
1181 29.353
1182 29.244
1183 29.386
1184 28.910
1185 27.658
1186 27.702
1187 27.642
1188 27.900
1189 28.010
1190 27.744
1191 27.716
1192 27.681
1193 27.676
1194 27.687
1195 27.695
1196 27.675
1197 27.899
1198 27.982
1199 27.801
1200 27.878
1201 27.673
1202 27.658
1203 27.647
1204 27.626
1205 27.770
1206 27.633
1207 27.630
1208 27.652
1209 27.694
1210 28.254
1211 27.947
1212 27.671
1213 27.689
1214 27.866
1215 27.751
1216 27.963
1217 27.639
1218 27.654
1219 27.674
1220 27.649
1221 27.638
1222 27.645
1223 27.675
1224 28.004
1225 27.860
1226 27.888
1227 27.660
1228 27.799
1229 27.662
1230 27.740
1231 27.671
1232 27.642
1233 27.676
1234 27.868
1235 27.791
1236 27.689
1237 27.839
1238 31.641
1239 27.763
1240 27.710
1241 27.682
1242 27.703
1243 27.780
1244 27.898
1245 27.710
1246 27.897
1247 27.929
1248 27.948
1249 27.823
1250 27.806
1251 27.693
1252 27.983
1253 27.702
1254 27.700
1255 27.726
1256 27.890
1257 27.904
1258 27.932
1259 27.765
1260 28.053
1261 27.792
1262 27.774
1263 27.752
1264 27.695
1265 27.766
1266 27.772
1267 27.692
1268 28.107
1269 27.722
1270 27.781
1271 28.128
1272 27.756
1273 27.705
1274 27.714
1275 27.692
1276 27.707
1277 27.701
1278 27.698
1279 27.773
1280 27.705
1281 27.741
1282 27.683
1283 27.700
1284 27.713
1285 27.690
1286 27.681
1287 27.690
1288 27.958
1289 27.711
1290 27.871
1291 27.704
1292 27.772
1293 27.717
1294 27.976
1295 27.774
1296 27.829
1297 28.080
1298 27.955
1299 27.752
1300 27.723
1301 27.764
1302 27.720
1303 27.709
1304 27.705
1305 27.700
1306 27.865
1307 27.680
1308 27.659
1309 27.676
1310 27.671
1311 27.736
1312 27.673
1313 31.677
1314 27.831
1315 27.758
1316 27.779
1317 27.700
1318 27.676
1319 27.665
1320 27.745
1321 27.668
1322 27.689
1323 27.654
1324 27.783
1325 27.686
1326 27.691
1327 27.803
1328 27.677
1329 27.682
1330 27.678
1331 27.739
1332 27.646
1333 27.681
1334 27.769
1335 27.661
1336 27.670
1337 27.729
1338 27.676
1339 27.686
1340 27.705
1341 27.736
1342 27.797
1343 27.678
1344 27.663
1345 27.647
1346 27.677
1347 27.621
1348 27.660
1349 27.666
1350 27.661
1351 27.848
1352 27.739
1353 27.694
1354 27.690
1355 27.924
1356 27.751
1357 27.984
1358 27.734
1359 27.769
1360 27.781
1361 27.721
1362 27.779
1363 27.739
1364 27.718
1365 27.835
1366 27.905
1367 27.704
1368 27.707
1369 27.833
1370 27.890
1371 27.733
1372 28.012
1373 27.691
1374 27.774
1375 27.976
1376 27.700
1377 28.013
1378 27.987
1379 27.711
1380 27.719
1381 27.757
1382 27.716
1383 27.744
1384 27.724
1385 27.735
1386 27.735
1387 27.861
1388 34.089
1389 27.708
1390 27.733
1391 27.734
1392 27.729
1393 27.830
1394 27.693
1395 27.694
1396 27.879
1397 27.689
1398 27.840
1399 27.839
1400 28.283
1401 27.781
1402 27.898
1403 27.752
1404 28.183
1405 27.805
1406 27.886
1407 27.763
1408 28.400
1409 27.800
1410 27.944
1411 28.177
1412 27.724
1413 27.872
1414 27.754
1415 27.698
1416 28.049
1417 28.149
1418 29.216
1419 29.196
1420 28.876
1421 27.848
1422 28.046
1423 27.706
1424 28.264
1425 28.417
1426 27.716
1427 27.948
1428 27.778
1429 27.723
1430 27.785
1431 27.703
1432 27.651
1433 27.791
1434 27.676
1435 27.955
1436 27.870
1437 27.742
1438 27.718
1439 27.713
1440 27.909
1441 27.723
1442 27.736
1443 28.060
1444 27.867
1445 27.842
1446 27.883
1447 30.210
1448 54.643
1449 28.228
1450 28.386
1451 28.603
1452 28.602
1453 28.294
1454 28.442
1455 28.305
1456 28.484
1457 28.815
1458 28.258
1459 28.258
1460 28.254
1461 28.529
1462 28.383
1463 34.057
1464 28.338
1465 27.760
1466 27.963
1467 27.730
1468 27.680
1469 27.883
1470 27.788
1471 27.724
1472 27.665
1473 27.682
1474 27.872
1475 27.985
1476 27.769
1477 27.831
1478 27.711
1479 27.677
1480 27.641
1481 27.767
1482 27.759
1483 27.754
1484 27.779
1485 27.843
1486 27.714
1487 27.888
1488 28.078
1489 27.696
1490 27.708
1491 27.686
1492 27.682
1493 27.772
1494 28.108
1495 27.744
1496 27.754
1497 27.713
1498 27.780
1499 27.692
1500 27.852
1501 27.714
1502 27.716
1503 27.931
1504 27.938
1505 27.708
1506 27.916
1507 27.693
1508 27.709
1509 28.172
1510 27.694
1511 27.991
1512 27.694
1513 27.698
1514 27.728
1515 27.843
1516 27.916
1517 27.684
1518 27.705
1519 28.019
1520 27.768
1521 27.695
1522 27.698
1523 27.742
1524 45.218
1525 30.683
1526 27.749
1527 27.679
1528 27.682
1529 27.879
1530 27.682
1531 27.838
1532 27.748
1533 27.691
1534 27.705
1535 27.687
1536 27.790
1537 27.681
1538 27.905
1539 27.709
1540 27.699
1541 27.783
1542 27.716
1543 27.954
1544 27.758
1545 28.154
1546 27.900
1547 27.643
1548 27.730
1549 27.673
1550 27.837
1551 27.715
1552 27.676
1553 27.773
1554 27.781
1555 27.711
1556 27.690
1557 27.669
1558 27.653
1559 27.739
1560 27.789
1561 27.724
1562 27.703
1563 27.731
1564 27.659
1565 27.700
1566 27.722
1567 27.693
1568 27.691
1569 27.701
1570 27.685
1571 27.732
1572 27.705
1573 27.925
1574 27.891
1575 28.231
1576 27.768
1577 27.689
1578 27.807
1579 28.081
1580 27.726
1581 27.881
1582 27.845
1583 27.688
1584 27.792
1585 27.718
1586 27.653
1587 27.716
1588 27.856
1589 27.712
1590 28.032
1591 27.706
1592 27.723
1593 28.051
1594 27.684
1595 27.815
1596 27.852
1597 27.817
1598 27.776
1599 27.994
1600 41.615
1601 36.135
1602 27.672
1603 27.685
1604 27.797
1605 27.864
1606 27.848
1607 27.649
1608 27.646
1609 27.680
1610 27.666
1611 27.696
1612 27.682
1613 27.977
1614 160.549
1615 27.720
1616 27.725
1617 27.914
1618 27.897
1619 27.958
1620 27.897
1621 27.950
1622 27.704
1623 27.683
1624 27.678
1625 27.701
1626 27.657
1627 28.266
1628 27.659
1629 28.009
1630 27.753
1631 28.041
1632 27.709
1633 27.765
1634 27.756
1635 27.701
1636 27.766
1637 27.703
1638 27.702
1639 27.686
1640 27.695
1641 27.685
1642 27.699
1643 27.947
1644 27.701
1645 27.882
1646 27.695
1647 27.689
1648 27.766
1649 27.714
1650 27.945
1651 27.843
1652 27.897
1653 27.694
1654 27.690
1655 27.704
1656 27.720
1657 27.695
1658 27.839
1659 27.809
1660 27.689
1661 27.664
1662 27.818
1663 27.697
1664 27.706
1665 27.839
1666 27.693
1667 27.670
1668 27.715
1669 27.751
1670 27.744
1671 27.688
1672 27.780
1673 27.814
1674 27.720
1675 27.700
1676 27.723
1677 27.713
1678 27.703
1679 28.631
1680 27.711
1681 27.697
1682 27.764
1683 27.670
1684 27.699
1685 27.744
1686 27.684
1687 27.723
1688 61.843
1689 27.681
1690 27.706
1691 27.717
1692 27.672
1693 27.761
1694 27.807
1695 27.680
1696 27.953
1697 27.796
1698 27.714
1699 28.039
1700 27.688
1701 27.895
1702 27.690
1703 27.686
1704 27.665
1705 27.944
1706 27.785
1707 28.053
1708 27.768
1709 27.695
1710 27.775
1711 27.697
1712 27.690
1713 27.768
1714 27.802
1715 27.707
1716 27.699
1717 27.704
1718 27.663
1719 27.859
1720 27.785
1721 27.718
1722 27.695
1723 28.098
1724 27.761
1725 27.674
1726 27.700
1727 27.732
1728 27.688
1729 27.705
1730 27.698
1731 27.802
1732 28.107
1733 27.705
1734 27.705
1735 27.701
1736 27.879
1737 27.694
1738 27.976
1739 27.693
1740 27.802
1741 27.702
1742 27.694
1743 27.950
1744 27.978
1745 27.700
1746 27.692
1747 27.769
1748 27.746
1749 27.720
1750 27.705
1751 27.899
1752 27.706
1753 27.698
1754 27.991
1755 27.773
1756 27.698
1757 27.681
1758 27.729
1759 27.750
1760 27.693
1761 27.700
1762 27.695
1763 36.323
1764 27.712
1765 27.935
1766 27.714
1767 27.970
1768 27.792
1769 27.789
1770 27.966
1771 27.703
1772 27.711
1773 27.703
1774 27.781
1775 27.720
1776 27.711
1777 27.683
1778 27.872
1779 27.685
1780 27.707
1781 27.812
1782 27.666
1783 27.825
1784 27.757
1785 27.694
1786 27.786
1787 27.700
1788 27.709
1789 27.759
1790 27.718
1791 27.717
1792 27.697
1793 27.762
1794 27.708
1795 27.714
1796 27.792
1797 27.706
1798 27.670
1799 27.947
1800 27.875
1801 27.694
